f = @(t,y) 5*y
t0=0
tf=1
y0=1
tol=0.0001